star_id,var_index,chi2_nu,x_ref,y_ref,ra_ref,dec_ref,chi,sharp,mag_fl05201703040163e91,mag_fl05201703040161e91,mag_fl05201703040162e91,mag_fl05201802200091e91,mag_fl05201802200092e91,mag_fl05201802200093e91,err_fl05201703040163e91,err_fl05201703040161e91,err_fl05201703040162e91,err_fl05201802200091e91,err_fl05201802200092e91,err_fl05201802200093e91,
0,1.10,1.5231219825932274,3301.470,-300.788,183.334901765,45.3772340221,0.8352,-0.2548,99.9999,99.9999,99.9999,15.5506,15.5064,15.5754,9.9999,9.9999,9.9999,0.0215,0.0272,0.0310
1,2.81,7.907291013330129,500.073,-279.975,183.766047843,45.3832383856,0.9216,0.0690,99.9999,99.9999,99.9999,15.0216,14.9284,15.0024,9.9999,9.9999,9.9999,0.0172,0.0174,0.0208
2,0.94,0.7186506036184971,947.848,-269.144,183.697104774,45.3839182062,0.9560,0.0690,99.9999,99.9999,99.9999,14.6366,14.6244,14.6134,9.9999,9.9999,9.9999,0.0127,0.0154,0.0158
3,0.51,0.1759177143773909,328.866,-257.181,183.792368852,45.385879572,0.8997,-0.2333,99.9999,99.9999,99.9999,15.5576,15.5404,15.5384,9.9999,9.9999,9.9999,0.0241,0.0286,0.0315
4,2.45,7.573419292436092,3854.398,-230.451,183.249630973,45.3839051086,0.8276,0.0495,99.9999,99.9999,99.9999,14.2176,14.1734,14.2174,9.9999,9.9999,9.9999,0.0082,0.0093,0.0106
5,15.95,302.90675642814045,3126.054,-177.681,183.361619587,45.3908254819,1.0326,0.0628,99.9999,99.9999,99.9999,9.8226,9.7724,9.8134,9.9999,9.9999,9.9999,0.0017,0.0015,0.0014
6,0.84,0.6830205676252318,497.567,-45.517,183.766083374,45.4085891948,0.9793,0.1042,99.9999,99.9999,99.9999,15.7736,15.7304,15.7904,9.9999,9.9999,9.9999,0.0322,0.0367,0.0399
7,1.09,0.999548567549607,2826.859,-40.955,183.407380154,45.4060743443,0.9288,-0.1666,99.9999,99.9999,99.9999,15.3436,15.2994,15.3344,9.9999,9.9999,9.9999,0.0205,0.0247,0.0286
8,1.23,1.3989974896335573,2117.936,18.210,183.516429073,45.4135050801,1.8718,6.4901,99.9999,99.9999,99.9999,15.1866,15.1084,15.0914,9.9999,9.9999,9.9999,0.0473,0.0440,0.0375
9,1.10,1.2480588583025427,1907.291,18.213,183.548870355,45.41379274,1.0246,0.1123,99.9999,99.9999,99.9999,14.4546,14.4294,14.4594,9.9999,9.9999,9.9999,0.0119,0.0146,0.0153
10,0.61,0.44914303787624255,2599.122,19.116,183.442321343,45.4129122055,0.8926,0.0698,99.9999,99.9999,99.9999,15.7306,15.7374,15.6944,9.9999,9.9999,9.9999,0.0262,0.0354,0.0369
11,12.17,161.30333333333186,2927.405,21.677,183.391758983,45.4126902694,1.0106,0.1527,99.9999,99.9999,99.9999,10.8056,10.7574,10.7954,9.9999,9.9999,9.9999,0.0020,0.0020,0.0020
12,2.78,7.561917020230446,1441.146,139.851,183.62044628,45.4275465531,0.9140,-0.0001,14.5690,14.5706,14.5894,14.5356,14.4874,14.5284,0.0132,0.0124,0.0128,0.0116,0.0142,0.0153
13,1.06,2.122568411187493,3185.062,154.924,183.351774232,45.4266881805,0.9136,0.1415,14.4470,14.4546,14.4534,14.4616,14.4104,14.4554,0.0115,0.0117,0.0134,0.0111,0.0131,0.0135
14,1.23,1.7042932459992641,1716.501,165.543,183.577980615,45.4299732108,0.9403,0.0241,15.4950,15.5246,15.5344,15.5476,15.4454,15.5414,0.0223,0.0263,0.0256,0.0291,0.0306,0.0348
15,1.03,1.2385184297235075,973.134,204.870,183.692437371,45.4351364891,1.1285,-0.0300,14.9630,14.9696,15.0044,14.9556,14.9464,14.9304,0.0200,0.0228,0.0218,0.0207,0.0221,0.0244
16,1.15,1.2854031304040685,1944.648,206.892,183.542754043,45.4341408207,1.0775,2.0202,15.8240,15.7966,15.7164,15.7586,15.7104,15.7344,0.0407,0.0381,0.0384,0.0301,0.0418,0.0441
17,4.25,21.994908509248734,630.259,237.484,183.745214697,45.4390444062,1.7427,0.1163,9.3820,9.3856,9.3884,9.3916,9.3544,9.3784,0.0042,0.0024,0.0027,0.0029,0.0029,0.0019
18,0.87,0.9760246646188413,3654.881,254.918,183.279161614,45.436720206,0.9194,-0.0597,15.3300,15.3246,15.3124,15.3336,15.2704,15.3134,0.0217,0.0245,0.0216,0.0203,0.0245,0.0269
19,4.01,22.38988292999249,1662.925,279.499,183.586024472,45.4423627803,1.0032,0.0780,11.6890,11.6946,11.6934,11.7046,11.6644,11.6954,0.0033,0.0030,0.0031,0.0028,0.0029,0.0030
20,0.89,1.6752962797371194,1387.505,301.695,183.628424874,45.4451105273,0.9801,0.1419,14.7030,14.7006,14.7044,14.7146,14.6574,14.7024,0.0146,0.0161,0.0156,0.0145,0.0157,0.0176
21,3.62,14.079553401832609,2662.279,302.271,183.431989914,45.4434297285,1.0481,0.0476,12.2730,12.2696,12.2654,12.2766,12.2414,12.2714,0.0044,0.0047,0.0045,0.0037,0.0033,0.0041
22,1.62,2.539974076074361,2842.683,318.368,183.404156678,45.4448960906,0.9391,0.1488,14.1110,14.0966,14.1124,14.0946,14.0724,14.1164,0.0109,0.0103,0.0113,0.0078,0.0101,0.0114
23,0.64,1.0526581764064897,906.502,321.239,183.702515239,45.4477937175,0.9911,-0.6410,16.3520,16.4306,16.3574,16.3516,16.2404,16.3574,0.0488,0.0637,0.0555,0.0488,0.0575,0.0758
24,0.83,0.9660020093171637,570.033,331.392,183.754351936,45.4492617885,0.9855,-0.1043,15.9250,15.9596,15.9994,15.9876,16.0574,15.9904,0.0397,0.0417,0.0391,0.0340,0.0547,0.0492
25,5.17,23.009592896159134,1250.197,341.241,183.649515739,45.4495536412,1.4888,0.1064,11.2890,11.2856,11.2864,11.3276,11.2894,11.3124,0.0057,0.0041,0.0040,0.0036,0.0031,0.0034
26,1.12,2.0956743619191283,2840.612,350.606,183.404405175,45.4483844971,1.0043,0.0503,14.4150,14.4256,14.4264,14.4296,14.3764,14.4184,0.0126,0.0125,0.0145,0.0125,0.0139,0.0141
27,1.54,2.1514891695487277,252.489,362.705,183.803244379,45.4529752307,0.9465,0.1328,14.1340,14.1346,14.1154,14.1506,14.1194,14.1524,0.0101,0.0100,0.0104,0.0086,0.0118,0.0121
28,0.97,0.8642724714581658,1224.945,580.223,183.652997962,45.4754212549,0.9976,-0.2323,16.1260,16.1526,16.2194,16.1156,16.0984,16.1884,0.0438,0.0466,0.0513,0.0400,0.0529,0.0624
29,1.31,2.8929666251642945,2069.335,639.048,183.522695814,45.48069189,0.9744,0.1210,14.5340,14.5396,14.5264,14.5416,14.4924,14.5754,0.0148,0.0124,0.0141,0.0125,0.0162,0.0156
30,40.28,704.5721728002842,2292.102,660.091,183.488304207,45.4826548741,0.9559,0.0330,13.6470,13.6146,13.6064,14.0276,13.9954,14.0264,0.0087,0.0075,0.0071,0.0086,0.0104,0.0107
31,6.91,26.440800506821738,2226.237,678.431,183.498423541,45.4847309621,1.7099,-0.0616,8.7780,8.7806,8.7804,8.7966,8.7704,8.7944,0.0026,0.0028,0.0034,0.0020,0.0019,0.0019
32,1.20,1.830268057080977,498.592,765.115,183.764711977,45.4962293445,1.0665,0.2282,13.5490,13.5456,13.5484,13.5716,13.5434,13.5514,0.0083,0.0089,0.0075,0.0074,0.0080,0.0089
33,1.14,0.9925976105016174,1565.265,804.094,183.600121023,45.4992035153,1.0187,-0.1061,16.1770,16.1166,16.0954,16.1606,16.0624,16.1854,0.0425,0.0478,0.0452,0.0489,0.0490,0.0655
34,5.70,39.89540311568054,3906.087,814.873,183.239055615,45.4968196224,1.0700,-0.0260,9.5330,9.5336,9.5364,9.5326,9.5114,9.5294,0.0019,0.0016,0.0018,0.0018,0.0014,0.0017
35,3.65,8.117061430272196,4051.751,847.450,183.216507165,45.500082918,1.3661,0.1399,11.0100,11.0106,11.0114,11.0286,11.0044,11.0234,0.0042,0.0039,0.0035,0.0045,0.0027,0.0024
36,1.30,1.5589171762295801,909.882,861.623,183.701118742,45.5062131288,1.0145,0.0422,13.8550,13.8426,13.8504,13.8706,13.8424,13.8454,0.0088,0.0098,0.0095,0.0083,0.0092,0.0102
37,1.42,1.6647803720417376,3769.262,869.945,183.26002181,45.5030120108,0.9124,0.0692,13.5740,13.5756,13.5854,13.5906,13.5664,13.5774,0.0079,0.0075,0.0070,0.0063,0.0069,0.0072
38,1.01,1.1731660146103857,2716.449,919.030,183.422313075,45.5100259579,0.9361,-0.0729,15.1210,15.1286,15.0884,15.1496,15.1224,15.1474,0.0177,0.0204,0.0199,0.0208,0.0227,0.0234
39,0.44,0.18668357341670727,2972.550,987.330,183.382651885,45.5170156455,0.9613,-0.5443,16.4170,16.4176,16.4364,16.3786,16.4354,16.4214,0.0559,0.0578,0.0565,0.0462,0.0691,0.0736
40,1.63,2.568637570613453,2045.751,1032.744,183.525561019,45.523287612,0.9287,-0.1183,14.2680,14.2696,14.2734,14.2896,14.2574,14.3114,0.0110,0.0131,0.0103,0.0092,0.0126,0.0125
41,3.14,10.151860947725451,3689.938,1034.027,183.2718555,45.5208870425,0.9983,0.1510,11.7960,11.7956,11.7944,11.8046,11.7774,11.8014,0.0033,0.0038,0.0031,0.0033,0.0029,0.0028
42,1.24,1.057213580753386,3609.053,1128.720,183.284106012,45.5312620883,1.0006,0.0405,14.1290,14.1326,14.1504,14.1516,14.1264,14.1414,0.0110,0.0114,0.0116,0.0092,0.0115,0.0121
43,0.86,0.6454195014311027,1811.082,1151.777,183.56154783,45.5364732365,1.0226,-0.0542,15.8280,15.8536,15.8964,15.8846,15.8874,15.9084,0.0339,0.0420,0.0374,0.0351,0.0464,0.0505
44,2.85,9.631883031332075,3504.833,1155.841,183.300124748,45.5343699886,0.9255,0.0419,11.4680,11.4656,11.4724,11.4706,11.4524,11.4704,0.0030,0.0029,0.0031,0.0022,0.0023,0.0024
45,3.15,5.00637130629035,3366.907,1162.467,183.321395787,45.5353156632,1.8183,0.1145,9.7770,9.7776,9.7814,9.7896,9.7754,9.7884,0.0040,0.0040,0.0033,0.0037,0.0023,0.0021
46,2.19,3.256701325146545,1637.469,1197.802,183.588259864,45.541676084,1.0072,0.0839,13.8350,13.8296,13.8554,13.8646,13.8294,13.8374,0.0091,0.0094,0.0096,0.0072,0.0134,0.0094
47,1.04,0.974174277770212,2355.125,1214.542,183.477448679,45.5425071569,0.9719,-0.1213,12.4280,12.4266,12.4264,12.4296,12.4194,12.4244,0.0047,0.0048,0.0039,0.0036,0.0035,0.0041
48,1.24,1.6113975321339655,1458.202,1222.237,183.615888268,45.5445456086,1.0241,-0.0068,14.6550,14.6806,14.6894,14.7156,14.6734,14.6854,0.0176,0.0152,0.0166,0.0147,0.0159,0.0182
49,1.83,3.271734273177999,336.963,1231.790,183.788963637,45.5468514682,1.0536,0.1133,13.1620,13.1646,13.1614,13.1696,13.1434,13.1434,0.0074,0.0063,0.0068,0.0054,0.0065,0.0066
50,0.76,0.5149838666736258,2730.079,1299.663,183.419386503,45.5511556716,0.8804,-0.0894,15.9450,15.9736,16.0064,15.9446,15.9384,15.9354,0.0356,0.0364,0.0387,0.0291,0.0438,0.0422
51,1.79,3.1928235130937024,1206.582,1300.799,183.654596526,45.5533477209,0.9580,-0.1415,15.7300,15.7516,15.6384,15.7016,15.6724,15.5934,0.0300,0.0338,0.0303,0.0285,0.0367,0.0348
52,3.52,9.75355392782517,2177.828,1339.663,183.504566169,45.5562860028,1.1637,-0.1913,10.3750,10.3746,10.3774,10.3916,10.3824,10.3874,0.0029,0.0023,0.0024,0.0022,0.0019,0.0020
53,6.18,34.02001103568933,803.780,1344.878,183.716717358,45.5585797297,1.0599,0.0288,10.3970,10.4006,10.4034,10.4276,10.4144,10.4194,0.0023,0.0020,0.0024,0.0020,0.0019,0.0019
54,2.46,6.0938940687586545,1588.014,1366.290,183.595586117,45.5599554193,1.0651,-0.0729,12.1670,12.1606,12.1714,12.1876,12.1754,12.1744,0.0043,0.0043,0.0039,0.0034,0.0037,0.0041
55,1.58,2.399159779026807,2358.937,1434.908,183.476407203,45.5663257852,1.1416,-0.1359,11.2010,11.1976,11.1974,11.2086,11.2014,11.2024,0.0039,0.0033,0.0029,0.0025,0.0027,0.0026
56,3.15,7.186619799762534,2827.785,1435.281,183.404004583,45.565668177,1.0209,-0.0102,10.9880,10.9876,10.9944,11.0006,10.9914,11.0014,0.0033,0.0025,0.0024,0.0021,0.0024,0.0021
57,1.40,2.2484080716854553,3524.043,1442.381,183.296471722,45.5653148967,1.2161,2.9896,15.5680,15.5446,15.4754,15.4576,15.4364,15.4474,0.0399,0.0418,0.0343,0.0300,0.0341,0.0342
58,1.03,0.7991970374458284,2379.237,1463.777,183.473212784,45.5694175864,0.9493,-0.0713,15.2070,15.2346,15.2264,15.1896,15.1884,15.1964,0.0227,0.0228,0.0228,0.0173,0.0233,0.0277
59,5.27,17.44688490984958,1141.315,1519.087,183.664303585,45.5770256925,0.9654,-0.0719,10.6290,10.6326,10.6334,10.6496,10.6464,10.6414,0.0022,0.0021,0.0019,0.0019,0.0019,0.0021
60,1.02,0.8271126944783221,2602.822,1555.108,183.438489043,45.5789633741,1.0153,-0.0407,14.5840,14.5576,14.5674,14.5706,14.5934,14.5884,0.0147,0.0146,0.0155,0.0132,0.0163,0.0165
61,1.04,1.0548775293009922,3263.582,1585.340,183.336359342,45.5812011169,0.9734,-0.0198,14.7840,14.7736,14.7544,14.8006,14.7834,14.7964,0.0171,0.0160,0.0169,0.0145,0.0191,0.0177
62,2.35,7.513650255793981,3235.804,1588.300,183.340643163,45.5815662778,0.9614,0.0639,10.2060,10.2116,10.2124,10.2106,10.2104,10.2204,0.0023,0.0020,0.0019,0.0015,0.0017,0.0016
63,1.46,2.135156533974701,3780.763,1600.212,183.2564384,45.5819387667,0.9664,0.1196,12.1620,12.1626,12.1624,12.1566,12.1494,12.1614,0.0038,0.0041,0.0033,0.0030,0.0036,0.0038
64,0.81,0.5907336357081442,3229.612,1611.721,183.341545335,45.5841083399,0.9668,0.0115,14.5560,14.5586,14.5434,14.5726,14.5544,14.5684,0.0136,0.0147,0.0134,0.0126,0.0151,0.0175
65,1.49,2.0595406108045715,3158.046,1642.357,183.352529921,45.5875358905,0.9969,0.0355,13.1930,13.1856,13.1784,13.1756,13.1674,13.1834,0.0068,0.0066,0.0068,0.0052,0.0059,0.0062
66,1.11,0.9178478723199497,2521.995,1675.674,183.450719657,45.5921177386,0.9386,-0.1517,12.9910,12.9916,12.9964,12.9996,12.9924,13.0034,0.0057,0.0052,0.0061,0.0042,0.0056,0.0054
67,0.44,0.17525635805968945,269.437,1703.221,183.7987116,45.597889004,0.9894,-0.1349,15.5860,15.5706,15.5714,15.5756,15.5954,15.6024,0.0282,0.0285,0.0307,0.0272,0.0346,0.0365
68,0.94,0.75946467866174,1352.440,1725.877,183.631329611,45.5991274608,1.0112,-0.3401,15.4810,15.5146,15.5474,15.5296,15.5074,15.4864,0.0273,0.0298,0.0290,0.0263,0.0332,0.0364
69,1.34,1.6835393054896592,3446.930,1730.059,183.3076942,45.5965443122,0.9155,0.0136,12.9270,12.9086,12.9204,12.9116,12.9174,12.9124,0.0057,0.0054,0.0050,0.0039,0.0048,0.0051
70,2.11,4.827069685193066,377.726,1736.772,183.781929614,45.6014063097,1.3811,0.1496,10.1110,10.1136,10.1154,10.1266,10.1214,10.1174,0.0035,0.0027,0.0026,0.0025,0.0021,0.0020
71,1.03,1.2279464306658887,212.919,1747.149,183.80738235,45.6026948172,0.9449,0.0859,14.4440,14.4216,14.4384,14.4256,14.4284,14.4024,0.0115,0.0123,0.0132,0.0114,0.0133,0.0145
72,0.56,0.26014153220125885,323.150,1843.615,183.790207935,45.6130135388,1.0220,0.3017,15.0390,15.0346,15.0164,15.0236,15.0454,15.0344,0.0189,0.0210,0.0202,0.0186,0.0238,0.0247
73,2.02,4.250729826443928,2484.740,1850.200,183.456109501,45.6110407675,1.0183,-0.0950,10.7290,10.7286,10.7324,10.7346,10.7384,10.7384,0.0031,0.0024,0.0024,0.0019,0.0019,0.0020
74,0.64,0.3288117170211835,3674.080,1857.589,183.27228618,45.609947128,0.9343,0.2594,16.0330,16.0076,16.0644,16.0476,16.0104,16.0594,0.0396,0.0386,0.0397,0.0376,0.0474,0.0526
75,6.99,37.31846459809609,1304.887,1889.559,183.638391805,45.616882136,1.0161,-0.1314,11.9520,11.9576,11.9594,11.9956,11.9984,11.9884,0.0038,0.0033,0.0036,0.0032,0.0035,0.0033
76,1.26,1.1385643904241745,3637.319,1890.950,183.27788579,45.6136166068,1.0074,0.4311,14.7380,14.7156,14.7124,14.6936,14.7264,14.7004,0.0166,0.0151,0.0316,0.0131,0.0171,0.0177
77,1.90,2.727093432510994,3960.054,1901.338,183.227981245,45.6141776665,0.8910,0.1671,14.9550,14.9586,14.9844,14.9246,14.9074,14.9224,0.0182,0.0167,0.0176,0.0148,0.0177,0.0185
78,1.48,1.7665381672972884,1917.907,1952.478,183.543517264,45.6228965542,0.9831,-0.0021,15.6320,15.7096,15.6444,15.6166,15.6974,15.6994,0.0311,0.0343,0.0295,0.0266,0.0387,0.0412
79,0.58,0.5344207599292886,345.487,2000.483,183.786526418,45.6299507137,1.0381,0.1546,15.1400,15.1646,15.1344,15.1376,15.1094,15.1324,0.0226,0.0238,0.0208,0.0206,0.0246,0.0268
80,1.75,2.783222760099258,2805.090,2060.510,183.406138626,45.6332967303,0.9342,-0.0149,16.1020,16.2446,16.1874,16.0566,16.0944,16.0574,0.0394,0.0478,0.0494,0.0353,0.0511,0.0542
81,1.04,1.2550622856310347,2628.889,2080.431,183.433338408,45.6357175859,0.9566,-0.0851,14.2980,14.2936,14.2914,14.3136,14.3044,14.2734,0.0110,0.0115,0.0117,0.0112,0.0121,0.0130
82,0.55,0.25562745673508236,4102.055,2087.787,183.205553977,45.6340796934,0.8375,0.0046,99.9999,99.9999,99.9999,15.2686,15.2874,15.2674,9.9999,9.9999,9.9999,0.0179,0.0231,0.0242
83,1.31,1.7889862859039052,126.337,2098.219,183.820272316,45.6407364384,0.9622,0.1003,14.2440,14.2206,14.2274,14.2366,14.2184,14.2004,0.0111,0.0109,0.0113,0.0095,0.0129,0.0127
84,1.27,1.854727083173924,2058.878,2098.649,183.521437162,45.6385071808,0.9809,0.0116,14.5770,14.5416,14.5674,14.5646,14.6004,14.5574,0.0142,0.0134,0.0148,0.0131,0.0153,0.0166
85,1.60,1.9500541884806768,2585.575,2108.956,183.439974744,45.6388661432,0.9476,-0.0309,12.3370,12.3296,12.3354,12.3246,12.3324,12.3254,0.0040,0.0042,0.0038,0.0032,0.0036,0.0040
86,1.42,2.0386266788442753,1742.186,2122.192,183.57036245,45.6414788059,1.0164,-0.5053,16.1750,16.1316,16.2314,16.0586,16.1434,16.2304,0.0453,0.0441,0.0548,0.0414,0.0593,0.0672
87,3.58,11.26054362893284,1466.625,2128.658,183.612962833,45.6425318074,1.6579,-0.2237,9.5480,9.5476,9.5494,9.5586,9.5674,9.5574,0.0040,0.0025,0.0028,0.0023,0.0022,0.0023
88,1.04,1.0877161620906401,303.317,2184.866,183.792779083,45.6499283682,1.0280,0.5142,15.5980,15.5616,15.5094,15.5796,15.5824,15.5444,0.0317,0.0305,0.0296,0.0270,0.0347,0.0373
89,0.49,0.3971378098109498,1118.574,2209.023,183.666649813,45.651644854,1.0273,-0.1016,14.3400,14.3416,14.3384,14.3366,14.3584,14.3324,0.0124,0.0125,0.0133,0.0113,0.0145,0.0149
90,0.94,0.9706559345263175,3370.790,2230.059,183.318276841,45.650724855,0.8642,-0.0653,16.0480,16.0186,16.0884,16.0766,16.1284,16.0904,0.0319,0.0360,0.0400,0.0367,0.0566,0.0497
91,0.77,0.7113322339425812,1872.239,2244.967,183.550016169,45.6545798399,1.0123,0.1979,15.5140,15.5206,15.5624,15.4896,15.5014,15.5344,0.0262,0.0275,0.0351,0.0255,0.0341,0.0365
92,0.35,0.12810922453237064,1287.961,2256.404,183.640368856,45.656564004,0.9872,-0.0862,14.1710,14.1806,14.1694,14.1716,14.1754,14.1724,0.0102,0.0116,0.0112,0.0094,0.0131,0.0128
93,3.24,10.755862471070484,3690.178,2285.227,183.268746935,45.6561502274,1.1082,0.1405,12.1280,12.1326,12.1264,12.0966,12.1164,12.1184,0.0052,0.0042,0.0040,0.0038,0.0035,0.0039
94,1.04,1.0290131886184128,239.264,2309.556,183.802507322,45.6634738249,0.9561,0.1874,16.1760,16.2456,16.1454,16.1436,16.1194,16.1164,0.0441,0.0457,0.0446,0.0415,0.0537,0.0595
95,1.85,2.2896541922521587,3587.614,2336.189,183.284486424,45.6618349317,0.9123,0.1080,14.4790,14.4526,14.4484,14.4346,14.4734,14.4734,0.0123,0.0149,0.0123,0.0106,0.0138,0.0127
96,2.77,8.393774961206262,3772.451,2402.851,183.255729635,45.6687239543,0.9544,0.1250,12.9480,12.9506,12.9514,12.9156,12.9404,12.9434,0.0064,0.0052,0.0051,0.0045,0.0052,0.0052
97,0.97,1.5482167447524857,1196.993,2440.752,183.6541232,45.6766046994,0.9747,0.1306,14.9940,14.9786,14.9734,14.9676,14.9214,14.9714,0.0160,0.0192,0.0193,0.0179,0.0222,0.0234
98,0.80,0.5824481280405642,2472.895,2459.898,183.456661916,45.6769734277,0.9980,-0.0456,12.4830,12.4826,12.4844,12.4776,12.4864,12.4814,0.0050,0.0049,0.0043,0.0038,0.0040,0.0040
99,0.94,0.8662169158230177,3102.129,2486.427,183.359240734,45.6788772682,0.9089,0.1073,14.6070,14.5846,14.5864,14.5936,14.5764,14.6114,0.0147,0.0129,0.0133,0.0121,0.0149,0.0151
100,3.05,8.494215163612965,2682.679,2506.426,183.424101337,45.681691333,0.9850,0.0171,11.6520,11.6576,11.6564,11.6436,11.6674,11.6584,0.0034,0.0031,0.0030,0.0025,0.0029,0.0030
101,3.20,8.602692764726921,288.092,2607.191,183.794523159,45.6956038576,1.0917,0.0988,11.9700,11.9736,11.9684,11.9606,11.9844,11.9564,0.0043,0.0040,0.0039,0.0034,0.0033,0.0034
102,4.08,21.713267687802585,2952.991,2634.012,183.381986433,45.6950686649,1.1476,0.0891,10.6140,10.6206,10.6174,10.5926,10.6244,10.6124,0.0027,0.0025,0.0023,0.0025,0.0021,0.0023
103,1.26,1.6971852064119475,3051.850,2636.934,183.36667853,45.6952285804,0.9061,0.0943,16.1550,16.1906,16.1684,16.1006,16.0614,16.2324,0.0427,0.0452,0.0436,0.0363,0.0481,0.0608
104,4.13,11.153698223451716,808.662,2746.225,183.713722381,45.7100812298,1.2695,0.0024,11.1990,11.1986,11.2004,11.1866,11.2124,11.1884,0.0048,0.0033,0.0035,0.0035,0.0026,0.0026
105,1.75,2.0580159779962446,2372.745,2746.520,183.471564954,45.7081064128,0.9217,0.0037,15.4840,15.3976,15.4654,15.4036,15.4324,15.4294,0.0225,0.0242,0.0245,0.0253,0.0305,0.0323
106,2.68,7.90536601738314,3542.323,2754.502,183.290480264,45.707134492,1.0800,0.1355,12.3330,12.3366,12.3284,12.3066,12.3394,12.3264,0.0052,0.0041,0.0045,0.0042,0.0040,0.0041
107,1.10,1.5862339382222685,2237.406,2761.031,183.492488468,45.7098690812,0.9750,-0.0417,13.8790,13.8656,13.8774,13.8746,13.8864,13.9014,0.0091,0.0094,0.0096,0.0077,0.0095,0.0102
108,0.79,0.49852199271618913,2160.070,2820.228,183.504343044,45.7163780492,0.9419,-0.0139,14.9260,14.9516,14.9344,14.9266,14.9464,14.9174,0.0152,0.0176,0.0214,0.0161,0.0190,0.0218
109,9.19,40.361019852974735,3436.916,2821.936,183.306637121,45.7146017324,0.8523,0.1699,15.8360,15.8986,15.8314,15.5066,15.5634,15.5564,0.0311,0.0305,0.0333,0.0218,0.0285,0.0338
110,4.54,15.549948791036632,472.066,2827.473,183.765715066,45.7192303594,1.2354,0.0409,10.8700,10.8786,10.8774,10.8646,10.8924,10.8694,0.0037,0.0030,0.0030,0.0023,0.0025,0.0025
111,1.79,2.8820326118752377,1200.969,2913.390,183.652694812,45.7276988984,0.9754,-0.0298,14.3210,14.3166,14.3154,14.2746,14.2974,14.3164,0.0120,0.0126,0.0118,0.0099,0.0132,0.0143
112,1.43,1.5498498148469642,1111.169,2920.128,183.66659129,45.7285344538,1.0607,-0.0197,15.4290,15.4986,15.4734,15.4196,15.4984,15.4674,0.0284,0.0315,0.0316,0.0236,0.0357,0.0341
113,3.20,10.302978861494761,3503.315,2927.703,183.296101612,45.7259246476,1.0512,0.1542,12.3490,12.3416,12.3464,12.3286,12.3664,12.3484,0.0046,0.0044,0.0046,0.0041,0.0036,0.0042
114,6.73,30.16182588620079,371.102,2948.842,183.781170924,45.7324571113,1.3645,0.0753,10.2690,10.2696,10.2704,10.2526,10.2864,10.2574,0.0041,0.0030,0.0026,0.0024,0.0020,0.0022
115,0.76,0.5612754844143814,2487.194,2977.625,183.453359426,45.7329244993,0.9231,0.1095,14.8420,14.8426,14.8554,14.8486,14.8714,14.8684,0.0152,0.0159,0.0159,0.0157,0.0194,0.0193
116,1.64,2.901054204542028,1573.984,2980.575,183.594800892,45.734499642,1.0081,-0.0376,15.8980,15.8276,15.9124,15.9476,15.8994,15.7654,0.0380,0.0350,0.0392,0.0396,0.0515,0.0394
117,6.36,34.384200211253614,1732.269,3005.955,183.57023583,45.737038318,0.9466,-0.0585,11.2390,11.2406,11.2434,11.2226,11.2614,11.2354,0.0033,0.0024,0.0028,0.0019,0.0024,0.0025
118,5.27,29.004432093532056,4037.618,3042.735,183.213064612,45.7374308134,1.0718,0.1325,12.1830,12.1786,12.1814,12.1366,12.1844,12.1674,0.0056,0.0040,0.0046,0.0033,0.0035,0.0039
119,1.09,1.319895800068101,2450.612,3098.840,183.45877129,45.7460828588,0.9588,-0.0016,14.3350,14.3366,14.3354,14.3206,14.3604,14.3234,0.0132,0.0115,0.0119,0.0102,0.0129,0.0142
120,1.38,1.7954146319828979,2950.914,3156.733,183.381134146,45.7515830595,0.9508,1.5345,15.9230,15.9086,15.8374,15.8336,15.8054,15.7984,0.0433,0.0357,0.0336,0.0328,0.0387,0.0398
121,6.10,27.917604131768098,1145.560,3161.304,183.660853341,45.7545682122,1.0576,0.1198,11.5240,11.5216,11.5284,11.4976,11.5384,11.5124,0.0035,0.0032,0.0035,0.0026,0.0026,0.0029
122,1.39,1.6915493138048123,1844.361,3197.691,183.552505408,45.757618891,0.9401,-0.0305,15.7640,15.7816,15.8194,15.7186,15.8054,15.8124,0.0340,0.0339,0.0337,0.0270,0.0402,0.0454
123,0.80,1.215390097929665,178.471,3240.068,183.810595074,45.7641374105,0.9356,-0.1099,15.9370,15.9756,15.9304,15.9456,15.9684,15.8424,0.0361,0.0378,0.0321,0.0397,0.0518,0.0441
124,0.69,0.6068324937993659,3221.858,3278.595,183.3388718,45.7643246167,0.8941,0.2817,15.7820,15.7506,15.7394,15.7416,15.7364,15.7044,0.0292,0.0312,0.0310,0.0285,0.0358,0.0382
125,1.81,3.135074445613946,1783.766,3291.436,183.561717037,45.7678345565,0.9035,-0.0246,15.7530,15.7946,15.8274,15.7256,15.8924,15.7774,0.0320,0.0326,0.0335,0.0282,0.0391,0.0380
126,4.08,21.465359814000948,3920.518,3307.723,183.230529652,45.7662863859,1.8817,0.1984,10.7860,10.7866,10.7854,10.7386,10.7884,10.7694,0.0059,0.0042,0.0041,0.0043,0.0035,0.0031
127,2.62,7.832571219524968,1886.615,3311.109,183.545738987,45.769824098,0.9660,-0.0012,13.2260,13.2176,13.2134,13.2036,13.2504,13.2144,0.0073,0.0063,0.0065,0.0051,0.0060,0.0060
128,1.27,1.4527785353403009,1731.623,3330.584,183.569724718,45.7721357441,0.8683,-0.0205,14.8170,14.8106,14.8074,14.7906,14.8374,14.7854,0.0155,0.0155,0.0155,0.0117,0.0162,0.0192
129,3.57,11.432483289117062,555.733,3338.644,183.751976842,45.7744072269,1.0247,0.0069,13.2500,13.2396,13.2404,13.2046,13.2614,13.2294,0.0070,0.0071,0.0071,0.0054,0.0063,0.0069
130,1.34,2.082023548830761,1039.595,3346.899,183.676961671,45.7747586826,0.9511,-0.2357,15.6690,15.7516,15.7694,15.7636,15.7964,15.7354,0.0280,0.0394,0.0370,0.0273,0.0402,0.0421
131,1.79,4.075461475574355,1333.030,3368.187,183.631439903,45.7767081942,0.9713,0.0105,14.3930,14.4066,14.3864,14.3446,14.3944,14.4024,0.0117,0.0129,0.0127,0.0107,0.0138,0.0159
132,0.57,0.33946298947802617,2458.370,3375.309,183.456988562,45.7759607963,0.8570,-0.1308,16.0710,16.0666,16.0424,16.0416,16.0744,16.1044,0.0340,0.0397,0.0359,0.0344,0.0478,0.0536
133,1.80,2.7277044138883997,1321.408,3391.959,183.633199579,45.7792925566,0.9953,-0.0913,14.0640,14.0826,14.0654,14.0356,14.0524,14.0494,0.0111,0.0112,0.0112,0.0086,0.0105,0.0109
134,6.77,40.75108626712985,1474.573,3416.926,183.609411075,45.7818012696,1.2631,-0.0669,11.1270,11.1216,11.1244,11.0926,11.1474,11.1084,0.0037,0.0030,0.0033,0.0029,0.0029,0.0027
135,2.54,4.308532688737825,2533.763,3418.207,183.445211108,45.7804873737,0.8880,0.2406,14.5320,14.4746,14.5134,14.4736,14.5214,14.4854,0.0126,0.0123,0.0130,0.0109,0.0131,0.0138
136,5.28,29.722963566997045,3146.874,3436.034,183.350128641,45.7814664427,1.2836,0.1411,10.8070,10.8036,10.8094,10.7726,10.8164,10.7944,0.0042,0.0029,0.0026,0.0030,0.0025,0.0024
137,1.04,0.895520892759683,977.573,3564.534,183.686214534,45.7983602087,0.9733,0.0928,15.6510,15.5866,15.6214,15.5726,15.6174,15.6174,0.0322,0.0318,0.0302,0.0265,0.0325,0.0355
138,6.15,35.77919355970414,2187.251,3619.079,183.498520963,45.8027049466,0.9950,0.0495,11.9860,11.9896,11.9814,11.9566,12.0144,11.9814,0.0042,0.0037,0.0039,0.0032,0.0030,0.0030
139,6.32,39.066014539164385,1086.373,3694.583,183.66912258,45.812293256,0.9861,-0.0026,12.6880,12.6876,12.6864,12.6286,12.6824,12.6414,0.0050,0.0046,0.0048,0.0038,0.0047,0.0052
140,0.14,0.01578827770683293,3021.287,3849.755,183.368656439,45.826393883,0.9021,0.1075,13.6630,13.6616,13.6634,99.9999,99.9999,99.9999,0.0079,0.0075,0.0075,9.9999,9.9999,9.9999
141,1.03,0.9687836898303257,1478.865,3859.164,183.607945134,45.8296075202,0.8637,-0.1125,13.3660,13.3586,13.3704,99.9999,99.9999,99.9999,0.0065,0.0064,0.0057,9.9999,9.9999,9.9999
142,1.20,0.8784855231838302,2544.769,3873.626,183.442534867,45.8297064577,1.2640,0.0849,9.7460,9.7426,9.7464,99.9999,99.9999,99.9999,0.0036,0.0022,0.0021,9.9999,9.9999,9.9999
143,0.83,0.570942977111926,497.068,3875.282,183.760257071,45.8324879979,0.9121,0.1822,14.8650,14.8826,14.8584,99.9999,99.9999,99.9999,0.0164,0.0171,0.0158,9.9999,9.9999,9.9999
144,1.19,1.032106423409398,32.394,3921.704,183.832296086,45.8379748921,1.3447,-0.0367,13.0250,13.0406,13.0294,99.9999,99.9999,99.9999,0.0081,0.0078,0.0086,9.9999,9.9999,9.9999
145,0.52,0.20935237413132968,1260.633,3930.456,183.64168121,45.837585544,0.8746,-0.0020,15.6420,15.6516,15.6274,99.9999,99.9999,99.9999,0.0289,0.0283,0.0257,9.9999,9.9999,9.9999
146,0.29,0.06702943016852721,894.765,3939.787,183.698441987,45.8390253338,0.9289,0.0319,15.7860,15.7756,15.7694,99.9999,99.9999,99.9999,0.0308,0.0307,0.0361,9.9999,9.9999,9.9999
147,2.30,5.734192649406265,1591.806,3953.330,183.590247637,45.8396441479,0.8288,-0.0550,14.5650,14.5116,14.5184,99.9999,99.9999,99.9999,0.0124,0.0119,0.0114,9.9999,9.9999,9.9999
148,1.17,1.210231072294701,698.583,3974.888,183.728831307,45.8430397618,0.8790,0.1536,15.4930,15.5276,15.4714,99.9999,99.9999,99.9999,0.0232,0.0249,0.0274,9.9999,9.9999,9.9999
149,1.69,2.7149633307124614,2920.595,4012.850,183.383911893,45.8441844708,1.9663,3.2738,15.0350,15.0006,14.9144,99.9999,99.9999,99.9999,0.0430,0.0379,0.0360,9.9999,9.9999,9.9999
150,0.96,0.661460613437246,2997.770,4043.523,183.371865326,45.8473790414,0.9311,0.1965,14.9610,14.9346,14.9544,99.9999,99.9999,99.9999,0.0185,0.0163,0.0186,9.9999,9.9999,9.9999
